1.237
1.216
1.101
1.056
1.197
1.368
1.495
1.117
1.25
1.323
1.034
1.125
1.32
0.851
1.26
0.911
1.404
1.054
1.163
1.095
1.89
2.116
1.492
1.745
1.721
1.444
1.42
1.471
1.248
1.773
1.612
1.58
1.608
1.578
1.622
1.369
1.392
1.363
1.685
1.565
1.236
1.263
1.494
1.315
1.399
1.611
1.556
1.566
1.138
1.712
1.524
1.162
1.353
1.404
1.288
1.72
1.434
1.298
1.393
1.349
1.654
1.339
1.427
1.401
1.538
1.098
0.976
0.839
1.872
1.564
1.562
1.757
1.782
1.717
1.45
1.75
1.762
1.469
1.286
1.701
1.526
1.176
1.187
1.675
1.074
1.303
1.228
1.468
1.495
1.69
1.692
1.589
1.712
1.798
1.662
1.619
1.53
1.581
1.703
1.835
1.521
1.407
1.493
1.551
1.422
1.581
1.638
1.429
1.419
1.216
1.381
1.515
1.588
1.665
1.552
1.442
1.314
1.2
1.492
1.264
